

[38;2;255;177;163m [38;2;255;173;159m█[38;2;255;169;154m█[38;2;255;165;150m█[38;2;255;160;145m█[38;2;255;156;141m█[38;2;255;152;136m█[38;2;255;148;132m█[38;2;255;144;127m╗[38;2;255;140;123m [38;2;255;135;118m [38;2;255;131;114m█[38;2;255;127;109m█[38;2;255;123;105m█[38;2;255;119;103m█[38;2;255;116;100m█[38;2;255;112;98m█[38;2;255;109;95m╗[38;2;255;105;93m [38;2;255;102;91m [38;2;255;98;88m█[38;2;255;95;86m█[38;2;255;91;84m█[38;2;255;88;81m█[38;2;255;84;79m█[38;2;255;81;76m╗[38;2;255;77;74m [38;2;254;75;74m [38;2;253;73;74m█[38;2;252;71;74m█[38;2;250;69;74m█[38;2;249;67;74m█[38;2;248;65;74m█[38;2;247;63;74m█[38;2;246;61;73m╗[38;2;245;59;73m [38;2;244;57;73m [38;2;242;55;73m█[38;2;241;53;73m█[38;2;240;51;73m╗[38;2;239;49;73m [38;2;236;47;72m [38;2;233;46;71m [38;2;230;44;71m [38;2;227;43;70m [38;2;224;41;69m [38;2;221;40;68m█[38;2;218;38;68m█[38;2;215;36;67m█[38;2;212;35;66m█[38;2;209;33;65m█[38;2;206;32;64m█[38;2;203;30;64m█[38;2;200;29;63m╗[38;2;197;27;62m [38;2;193;26;61m█[38;2;189;26;60m█[38;2;185;25;59m█[38;2;181;24;58m█[38;2;177;24;57m█[38;2;173;23;56m█[38;2;170;23;55m█[38;2;166;22;54m█[38;2;162;21;53m╗[39m
[38;2;255;173;159m [38;2;255;169;154m█[38;2;255;165;150m█[38;2;255;160;145m╔[38;2;255;156;141m═[38;2;255;152;136m═[38;2;255;148;132m═[38;2;255;144;127m═[38;2;255;140;123m╝[38;2;255;135;118m [38;2;255;131;114m█[38;2;255;127;109m█[38;2;255;123;105m╔[38;2;255;119;103m═[38;2;255;116;100m═[38;2;255;112;98m═[38;2;255;109;95m═[38;2;255;105;93m╝[38;2;255;102;91m [38;2;255;98;88m█[38;2;255;95;86m█[38;2;255;91;84m╔[38;2;255;88;81m═[38;2;255;84;79m═[38;2;255;81;76m█[38;2;255;77;74m█[38;2;254;75;74m╗[38;2;253;73;74m [38;2;252;71;74m█[38;2;250;69;74m█[38;2;249;67;74m╔[38;2;248;65;74m═[38;2;247;63;74m═[38;2;246;61;73m█[38;2;245;59;73m█[38;2;244;57;73m╗[38;2;242;55;73m [38;2;241;53;73m█[38;2;240;51;73m█[38;2;239;49;73m║[38;2;236;47;72m [38;2;233;46;71m [38;2;230;44;71m [38;2;227;43;70m [38;2;224;41;69m [38;2;221;40;68m [38;2;218;38;68m█[38;2;215;36;67m█[38;2;212;35;66m╔[38;2;209;33;65m═[38;2;206;32;64m═[38;2;203;30;64m═[38;2;200;29;63m═[38;2;197;27;62m╝[38;2;193;26;61m [38;2;189;26;60m╚[38;2;185;25;59m═[38;2;181;24;58m═[38;2;177;24;57m█[38;2;173;23;56m█[38;2;170;23;55m╔[38;2;166;22;54m═[38;2;162;21;53m═[38;2;158;21;52m╝[39m
[38;2;255;169;154m [38;2;255;165;150m█[38;2;255;160;145m█[38;2;255;156;141m█[38;2;255;152;136m█[38;2;255;148;132m█[38;2;255;144;127m█[38;2;255;140;123m█[38;2;255;135;118m╗[38;2;255;131;114m [38;2;255;127;109m█[38;2;255;123;105m█[38;2;255;119;103m║[38;2;255;116;100m [38;2;255;112;98m [38;2;255;109;95m [38;2;255;105;93m [38;2;255;102;91m [38;2;255;98;88m [38;2;255;95;86m█[38;2;255;91;84m█[38;2;255;88;81m█[38;2;255;84;79m█[38;2;255;81;76m█[38;2;255;77;74m█[38;2;254;75;74m█[38;2;253;73;74m║[38;2;252;71;74m [38;2;250;69;74m█[38;2;249;67;74m█[38;2;248;65;74m█[38;2;247;63;74m█[38;2;246;61;73m█[38;2;245;59;73m█[38;2;244;57;73m╔[38;2;242;55;73m╝[38;2;241;53;73m [38;2;240;51;73m█[38;2;239;49;73m█[38;2;236;47;72m║[38;2;233;46;71m [38;2;230;44;71m [38;2;227;43;70m [38;2;224;41;69m [38;2;221;40;68m [38;2;218;38;68m [38;2;215;36;67m█[38;2;212;35;66m█[38;2;209;33;65m█[38;2;206;32;64m█[38;2;203;30;64m█[38;2;200;29;63m╗[38;2;197;27;62m [38;2;193;26;61m [38;2;189;26;60m [38;2;185;25;59m [38;2;181;24;58m [38;2;177;24;57m [38;2;173;23;56m█[38;2;170;23;55m█[38;2;166;22;54m║[38;2;162;21;53m [38;2;158;21;52m [38;2;154;20;51m [39m
[38;2;255;165;150m [38;2;255;160;145m╚[38;2;255;156;141m═[38;2;255;152;136m═[38;2;255;148;132m═[38;2;255;144;127m═[38;2;255;140;123m█[38;2;255;135;118m█[38;2;255;131;114m║[38;2;255;127;109m [38;2;255;123;105m█[38;2;255;119;103m█[38;2;255;116;100m║[38;2;255;112;98m [38;2;255;109;95m [38;2;255;105;93m [38;2;255;102;91m [38;2;255;98;88m [38;2;255;95;86m [38;2;255;91;84m█[38;2;255;88;81m█[38;2;255;84;79m╔[38;2;255;81;76m═[38;2;255;77;74m═[38;2;254;75;74m█[38;2;253;73;74m█[38;2;252;71;74m║[38;2;250;69;74m [38;2;249;67;74m█[38;2;248;65;74m█[38;2;247;63;74m╔[38;2;246;61;73m═[38;2;245;59;73m═[38;2;244;57;73m█[38;2;242;55;73m█[38;2;241;53;73m╗[38;2;240;51;73m [38;2;239;49;73m█[38;2;236;47;72m█[38;2;233;46;71m║[38;2;230;44;71m [38;2;227;43;70m [38;2;224;41;69m [38;2;221;40;68m [38;2;218;38;68m [38;2;215;36;67m [38;2;212;35;66m█[38;2;209;33;65m█[38;2;206;32;64m╔[38;2;203;30;64m═[38;2;200;29;63m═[38;2;197;27;62m╝[38;2;193;26;61m [38;2;189;26;60m [38;2;185;25;59m [38;2;181;24;58m [38;2;177;24;57m [38;2;173;23;56m [38;2;170;23;55m█[38;2;166;22;54m█[38;2;162;21;53m║[38;2;158;21;52m [38;2;154;20;51m [38;2;150;19;50m [39m
[38;2;255;160;145m [38;2;255;156;141m█[38;2;255;152;136m█[38;2;255;148;132m█[38;2;255;144;127m█[38;2;255;140;123m█[38;2;255;135;118m█[38;2;255;131;114m█[38;2;255;127;109m║[38;2;255;123;105m [38;2;255;119;103m╚[38;2;255;116;100m█[38;2;255;112;98m█[38;2;255;109;95m█[38;2;255;105;93m█[38;2;255;102;91m█[38;2;255;98;88m█[38;2;255;95;86m╗[38;2;255;91;84m [38;2;255;88;81m█[38;2;255;84;79m█[38;2;255;81;76m║[38;2;255;77;74m [38;2;254;75;74m [38;2;253;73;74m█[38;2;252;71;74m█[38;2;250;69;74m║[38;2;249;67;74m [38;2;248;65;74m█[38;2;247;63;74m█[38;2;246;61;73m║[38;2;245;59;73m [38;2;244;57;73m [38;2;242;55;73m█[38;2;241;53;73m█[38;2;240;51;73m║[38;2;239;49;73m [38;2;236;47;72m█[38;2;233;46;71m█[38;2;230;44;71m█[38;2;227;43;70m█[38;2;224;41;69m█[38;2;221;40;68m█[38;2;218;38;68m█[38;2;215;36;67m╗[38;2;212;35;66m [38;2;209;33;65m█[38;2;206;32;64m█[38;2;203;30;64m█[38;2;200;29;63m█[38;2;197;27;62m█[38;2;193;26;61m█[38;2;189;26;60m█[38;2;185;25;59m╗[38;2;181;24;58m [38;2;177;24;57m [38;2;173;23;56m [38;2;170;23;55m [38;2;166;22;54m█[38;2;162;21;53m█[38;2;158;21;52m║[38;2;154;20;51m [38;2;150;19;50m [38;2;146;19;49m [39m
[38;2;255;156;141m [38;2;255;152;136m╚[38;2;255;148;132m═[38;2;255;144;127m═[38;2;255;140;123m═[38;2;255;135;118m═[38;2;255;131;114m═[38;2;255;127;109m═[38;2;255;123;105m╝[38;2;255;119;103m [38;2;255;116;100m [38;2;255;112;98m╚[38;2;255;109;95m═[38;2;255;105;93m═[38;2;255;102;91m═[38;2;255;98;88m═[38;2;255;95;86m═[38;2;255;91;84m╝[38;2;255;88;81m [38;2;255;84;79m╚[38;2;255;81;76m═[38;2;255;77;74m╝[38;2;254;75;74m [38;2;253;73;74m [38;2;252;71;74m╚[38;2;250;69;74m═[38;2;249;67;74m╝[38;2;248;65;74m [38;2;247;63;74m╚[38;2;246;61;73m═[38;2;245;59;73m╝[38;2;244;57;73m [38;2;242;55;73m [38;2;241;53;73m╚[38;2;240;51;73m═[38;2;239;49;73m╝[38;2;236;47;72m [38;2;233;46;71m╚[38;2;230;44;71m═[38;2;227;43;70m═[38;2;224;41;69m═[38;2;221;40;68m═[38;2;218;38;68m═[38;2;215;36;67m═[38;2;212;35;66m╝[38;2;209;33;65m [38;2;206;32;64m╚[38;2;203;30;64m═[38;2;200;29;63m═[38;2;197;27;62m═[38;2;193;26;61m═[38;2;189;26;60m═[38;2;185;25;59m═[38;2;181;24;58m╝[38;2;177;24;57m [38;2;173;23;56m [38;2;170;23;55m [38;2;166;22;54m [38;2;162;21;53m╚[38;2;158;21;52m═[38;2;154;20;51m╝[38;2;150;19;50m [38;2;146;19;49m [38;2;142;18;48m [39m


[0m[?25h[K